tile_Colors,144,240,96,128,32,32,0,1.00000000,1.00000000,4294967295
tile_Colors,144,272,96,128,32,32,0,1.00000000,1.00000000,4294967295
tile_Colors,144,304,96,128,32,32,0,1.00000000,1.00000000,4294967295
tile_Colors,176,304,96,128,32,32,0,1.00000000,1.00000000,4294967295
tile_Colors,176,272,96,128,32,32,0,1.00000000,1.00000000,4294967295
tile_Colors,176,240,96,128,32,32,0,1.00000000,1.00000000,4294967295
tile_Colors,176,336,96,128,32,32,0,1.00000000,1.00000000,4294967295
tile_Colors,176,368,96,128,32,32,0,1.00000000,1.00000000,4294967295
tile_Colors,208,304,96,128,32,32,0,1.00000000,1.00000000,4294967295
tile_Colors,240,304,96,128,32,32,0,1.00000000,1.00000000,4294967295
tile_Colors,240,272,96,128,32,32,0,1.00000000,1.00000000,4294967295
tile_Colors,240,240,96,128,32,32,0,1.00000000,1.00000000,4294967295
tile_Colors,272,240,96,128,32,32,0,1.00000000,1.00000000,4294967295
tile_Colors,304,240,96,128,32,32,0,1.00000000,1.00000000,4294967295
tile_Colors,304,208,96,128,32,32,0,1.00000000,1.00000000,4294967295
tile_Colors,336,208,96,128,32,32,0,1.00000000,1.00000000,4294967295
tile_Colors,368,208,96,128,32,32,0,1.00000000,1.00000000,4294967295
tile_Colors,400,208,96,128,32,32,0,1.00000000,1.00000000,4294967295
tile_Colors,432,208,96,128,32,32,0,1.00000000,1.00000000,4294967295
tile_Colors,464,208,96,128,32,32,0,1.00000000,1.00000000,4294967295
tile_Colors,400,176,96,128,32,32,0,1.00000000,1.00000000,4294967295
tile_Colors,368,176,96,128,32,32,0,1.00000000,1.00000000,4294967295
tile_Colors,304,144,96,128,32,32,0,1.00000000,1.00000000,4294967295
tile_Colors,336,144,96,128,32,32,0,1.00000000,1.00000000,4294967295
tile_Colors,368,144,96,128,32,32,0,1.00000000,1.00000000,4294967295
tile_Colors,400,144,96,128,32,32,0,1.00000000,1.00000000,4294967295
tile_Colors,432,144,96,128,32,32,0,1.00000000,1.00000000,4294967295
tile_Colors,464,144,96,128,32,32,0,1.00000000,1.00000000,4294967295
tile_Colors,496,240,96,128,32,32,0,1.00000000,1.00000000,4294967295
tile_Colors,528,272,96,128,32,32,0,1.00000000,1.00000000,4294967295
tile_Colors,560,272,96,128,32,32,0,1.00000000,1.00000000,4294967295
tile_Colors,592,240,96,128,32,32,0,1.00000000,1.00000000,4294967295
tile_Colors,624,240,96,128,32,32,0,1.00000000,1.00000000,4294967295
tile_Colors,624,400,96,128,32,32,0,1.00000000,1.00000000,4294967295
tile_Colors,592,400,96,128,32,32,0,1.00000000,1.00000000,4294967295
tile_Colors,528,368,96,128,32,32,0,1.00000000,1.00000000,4294967295
tile_Colors,496,432,96,128,32,32,0,1.00000000,1.00000000,4294967295
tile_Colors,464,432,96,128,32,32,0,1.00000000,1.00000000,4294967295
tile_Colors,432,432,96,128,32,32,0,1.00000000,1.00000000,4294967295
tile_Colors,400,432,96,128,32,32,0,1.00000000,1.00000000,4294967295
tile_Colors,368,432,96,128,32,32,0,1.00000000,1.00000000,4294967295
tile_Colors,336,432,96,128,32,32,0,1.00000000,1.00000000,4294967295
tile_Colors,336,400,96,128,32,32,0,1.00000000,1.00000000,4294967295
tile_Colors,304,400,96,128,32,32,0,1.00000000,1.00000000,4294967295
tile_Colors,304,368,96,128,32,32,0,1.00000000,1.00000000,4294967295
tile_Colors,272,368,96,128,32,32,0,1.00000000,1.00000000,4294967295
tile_Colors,240,368,96,128,32,32,0,1.00000000,1.00000000,4294967295
tile_Colors,240,336,96,128,32,32,0,1.00000000,1.00000000,4294967295
tile_Colors,464,240,96,128,32,32,0,1.00000000,1.00000000,4294967295
tile_Colors,496,272,96,128,32,32,0,1.00000000,1.00000000,4294967295
tile_Colors,560,240,96,128,32,32,0,1.00000000,1.00000000,4294967295
tile_Colors,624,272,96,128,32,32,0,1.00000000,1.00000000,4294967295
tile_Colors,624,304,96,128,32,32,0,1.00000000,1.00000000,4294967295
tile_Colors,624,336,96,128,32,32,0,1.00000000,1.00000000,4294967295
tile_Colors,624,368,96,128,32,32,0,1.00000000,1.00000000,4294967295
tile_Colors,560,400,96,128,32,32,0,1.00000000,1.00000000,4294967295
tile_Colors,496,368,96,128,32,32,0,1.00000000,1.00000000,4294967295
tile_Colors,496,400,96,128,32,32,0,1.00000000,1.00000000,4294967295
tile_Colors,560,368,96,128,32,32,0,1.00000000,1.00000000,4294967295
tile_Colors,176,528,96,128,32,32,0,1.00000000,1.00000000,4294967295
tile_Colors,208,528,96,128,32,32,0,1.00000000,1.00000000,4294967295
tile_Colors,240,528,96,128,32,32,0,1.00000000,1.00000000,4294967295
tile_Colors,272,528,96,128,32,32,0,1.00000000,1.00000000,4294967295
tile_Colors,304,528,96,128,32,32,0,1.00000000,1.00000000,4294967295
tile_Colors,336,528,96,128,32,32,0,1.00000000,1.00000000,4294967295
tile_Colors,368,528,96,128,32,32,0,1.00000000,1.00000000,4294967295
tile_Colors,400,528,96,128,32,32,0,1.00000000,1.00000000,4294967295
tile_Colors,432,528,96,128,32,32,0,1.00000000,1.00000000,4294967295
tile_Colors,464,528,96,128,32,32,0,1.00000000,1.00000000,4294967295
tile_Colors,496,528,96,128,32,32,0,1.00000000,1.00000000,4294967295
tile_Colors,528,528,96,128,32,32,0,1.00000000,1.00000000,4294967295
tile_Colors,560,528,96,128,32,32,0,1.00000000,1.00000000,4294967295
tile_Colors,592,528,96,128,32,32,0,1.00000000,1.00000000,4294967295
tile_Colors,624,528,96,128,32,32,0,1.00000000,1.00000000,4294967295
tile_Colors,144,80,96,128,32,32,0,1.00000000,1.00000000,4294967295
tile_Colors,144,112,96,128,32,32,0,1.00000000,1.00000000,4294967295
tile_Colors,144,144,96,128,32,32,0,1.00000000,1.00000000,4294967295
tile_Colors,144,176,96,128,32,32,0,1.00000000,1.00000000,4294967295
tile_Colors,144,208,96,128,32,32,0,1.00000000,1.00000000,4294967295
tile_Colors,144,336,96,128,32,32,0,1.00000000,1.00000000,4294967295
tile_Colors,144,368,96,128,32,32,0,1.00000000,1.00000000,4294967295
tile_Colors,144,400,96,128,32,32,0,1.00000000,1.00000000,4294967295
tile_Colors,144,432,96,128,32,32,0,1.00000000,1.00000000,4294967295
tile_Colors,144,464,96,128,32,32,0,1.00000000,1.00000000,4294967295
tile_Colors,144,496,96,128,32,32,0,1.00000000,1.00000000,4294967295
tile_Colors,144,528,96,128,32,32,0,1.00000000,1.00000000,4294967295
tile_Colors,144,48,96,128,32,32,0,1.00000000,1.00000000,4294967295
tile_Colors,176,48,96,128,32,32,0,1.00000000,1.00000000,4294967295
tile_Colors,208,48,96,128,32,32,0,1.00000000,1.00000000,4294967295
tile_Colors,240,48,96,128,32,32,0,1.00000000,1.00000000,4294967295
tile_Colors,272,48,96,128,32,32,0,1.00000000,1.00000000,4294967295
tile_Colors,304,48,96,128,32,32,0,1.00000000,1.00000000,4294967295
tile_Colors,336,48,96,128,32,32,0,1.00000000,1.00000000,4294967295
tile_Colors,368,48,96,128,32,32,0,1.00000000,1.00000000,4294967295
tile_Colors,400,48,96,128,32,32,0,1.00000000,1.00000000,4294967295
tile_Colors,432,48,96,128,32,32,0,1.00000000,1.00000000,4294967295
tile_Colors,464,48,96,128,32,32,0,1.00000000,1.00000000,4294967295
tile_Colors,496,48,96,128,32,32,0,1.00000000,1.00000000,4294967295
tile_Colors,528,48,96,128,32,32,0,1.00000000,1.00000000,4294967295
tile_Colors,560,48,96,128,32,32,0,1.00000000,1.00000000,4294967295
tile_Colors,592,48,96,128,32,32,0,1.00000000,1.00000000,4294967295
tile_Colors,624,48,96,128,32,32,0,1.00000000,1.00000000,4294967295
tile_Colors,624,80,96,128,32,32,0,1.00000000,1.00000000,4294967295
tile_Colors,624,112,96,128,32,32,0,1.00000000,1.00000000,4294967295
tile_Colors,624,144,96,128,32,32,0,1.00000000,1.00000000,4294967295
tile_Colors,624,176,96,128,32,32,0,1.00000000,1.00000000,4294967295
tile_Colors,624,208,96,128,32,32,0,1.00000000,1.00000000,4294967295
tile_Colors,624,432,96,128,32,32,0,1.00000000,1.00000000,4294967295
tile_Colors,624,464,96,128,32,32,0,1.00000000,1.00000000,4294967295
tile_Colors,624,496,96,128,32,32,0,1.00000000,1.00000000,4294967295
